AB ticks;AB time;Status, hex;Calibration, hex;Temperature HDC1080, C;Humidity HDC1080, %;Temperature DPS310, C;Pressure DPS310, kPa;Rotation code RAW;Azimuth RAW, deg.;Pitch RAW, deg.;Roll RAW, deg.;Azimuth, deg.;Pitch, deg.;Roll, deg.;CC0;CC1;CC2;CC3;CC4;CC5;CC6;CC7;CC8;CC9;CC10;CC11;CC12;CC13;CC14;CC15;CC16;CC17;XYZmagn0;XYZmagn1;XYZmagn2;XYZmagn3;XYZmagn4;XYZmagn5;XYZmagn6;XYZmagn7;XYZmagn8;XYZmagn9;XYZmagn10;XYZmagn11;XYZaxs0;XYZaxs1;XYZaxs2;XYZaxs3;XYZaxs4;XYZaxs5;XYZmagnOffs0;XYZmagnOffs1;XYZmagnOffs2;XYZmagnOffs3;XYZmagnOffs4;XYZmagnOffs5;XYZmagnOffs6;XYZmagnOffs7;XYZmagnOffs8;XYZmagnOffs9;XYZmagnOffs10;XYZmagnOffs11;XYZaxsOffs0;XYZaxsOffs1;XYZaxsOffs2;XYZaxsOffs3;XYZaxsOffs4;XYZaxsOffs5;FWver, hex
1747917335;22.05.2025 12:35;0;20;0;0;28,6;0;0;193;-1;1,6;193;-1;1,6;0;0;0;0;0;0;0;0;0;0;0;0;0;0;0;0;0;0;221;233;255;255;33;251;255;255;160;5;0;0;4;0;8;0;6;1;216;255;255;255;69;0;0;0;182;248;255;255;255;255;0;0;1;0;0x09
1747917341;22.05.2025 12:35;0;20;0;0;28,6;0;0;192;-0,1;0,6;192;-0,1;0,6;0;0;0;0;0;0;0;0;0;0;0;0;0;0;0;0;0;0;184;233;255;255;120;251;255;255;89;254;255;255;254;255;255;255;2;1;216;255;255;255;69;0;0;0;182;248;255;255;255;255;255;255;1;0;0x09
1747917346;22.05.2025 12:35;0;10;0;0;28,6;0;0;192;-0,1;0,7;192;-0,1;0,7;0;0;0;0;0;0;0;0;0;0;0;0;0;0;0;0;0;0;181;233;255;255;123;251;255;255;90;254;255;255;0;0;5;0;6;1;0;0;0;0;0;0;0;0;0;0;0;0;255;255;255;255;1;0;0x09
1747917356;22.05.2025 12:35;0;10;0;0;28,6;0;0;191;-1;1,6;191;-1;1,6;0;0;0;0;0;0;0;0;0;0;0;0;0;0;0;0;0;0;183;233;255;255;122;251;255;255;88;254;255;255;4;0;8;0;5;1;0;0;0;0;0;0;0;0;0;0;0;0;255;255;255;255;1;0;0x09
1747917376;22.05.2025 12:36;0;10;0;0;28,6;0;0;191;-1;1,4;191;-1;1,4;0;0;0;0;0;0;0;0;0;0;0;0;0;0;0;0;0;0;184;233;255;255;122;251;255;255;89;254;255;255;4;0;7;0;6;1;0;0;0;0;0;0;0;0;0;0;0;0;255;255;255;255;1;0;0x09
1747917396;22.05.2025 12:36;0;10;0;0;28,6;0;0;191;-1;1,6;191;-1;1,6;0;0;0;0;0;0;0;0;0;0;0;0;0;0;0;0;0;0;183;233;255;255;119;251;255;255;86;254;255;255;6;0;7;0;4;1;0;0;0;0;0;0;0;0;0;0;0;0;255;255;255;255;1;0;0x09
1747917402;22.05.2025 12:36;0;10;0;0;28,6;0;0;192;-0,7;1,1;192;-0,7;1,1;0;0;0;0;0;0;0;0;0;0;0;0;0;0;0;0;0;0;169;233;255;255;48;251;255;255;50;254;255;255;5;0;9;0;5;1;0;0;0;0;0;0;0;0;0;0;0;0;255;255;255;255;1;0;0x09
1747917412;22.05.2025 12:36;0;10;0;0;28,6;0;0;188;0,6;2,2;188;0,6;2,2;0;0;0;0;0;0;0;0;0;0;0;0;0;0;0;0;0;0;231;231;255;255;196;252;255;255;157;254;255;255;253;255;14;0;12;1;0;0;0;0;0;0;0;0;0;0;0;0;255;255;255;255;1;0;0x09
1747917432;22.05.2025 12:37;0;10;0;0;28,6;0;0;181;-1,2;1,2;181;-1,2;1,2;0;0;0;0;0;0;0;0;0;0;0;0;0;0;0;0;0;0;151;234;255;255;151;255;255;255;159;254;255;255;5;0;7;0;6;1;0;0;0;0;0;0;0;0;0;0;0;0;255;255;255;255;1;0;0x09
1747917452;22.05.2025 12:37;0;10;0;0;28,6;0;0;180;-1,3;1,2;180;-1,3;1,2;0;0;0;0;0;0;0;0;0;0;0;0;0;0;0;0;0;0;176;236;255;255;255;255;255;255;73;253;255;255;5;0;6;0;6;1;0;0;0;0;0;0;0;0;0;0;0;0;255;255;255;255;1;0;0x09
1747917472;22.05.2025 12:37;0;10;0;0;28,6;0;0;169;-1,2;1,3;169;-1,2;1,3;0;0;0;0;0;0;0;0;0;0;0;0;0;0;0;0;0;0;248;240;255;255;24;3;0;0;235;2;0;0;3;0;7;0;5;1;0;0;0;0;0;0;0;0;0;0;0;0;255;255;255;255;1;0;0x09
1747917492;22.05.2025 12:38;0;10;0;0;28,6;0;0;137;0,9;-42,5;137;0,9;-42,5;0;0;0;0;0;0;0;0;0;0;0;0;0;0;0;0;0;0;101;241;255;255;196;11;0;0;249;6;0;0;15;0;68;255;187;0;0;0;0;0;0;0;0;0;0;0;0;0;255;255;255;255;1;0;0x09
1747917512;22.05.2025 12:38;0;10;0;0;28,6;0;0;150;-1,8;1,3;150;-1,8;1,3;0;0;0;0;0;0;0;0;0;0;0;0;0;0;0;0;0;0;111;239;255;255;236;9;0;0;44;6;0;0;8;0;6;0;6;1;0;0;0;0;0;0;0;0;0;0;0;0;255;255;255;255;1;0;0x09
1747917532;22.05.2025 12:38;0;10;0;0;28,6;0;0;146;-2;1,3;146;-2;1,3;0;0;0;0;0;0;0;0;0;0;0;0;0;0;0;0;0;0;150;241;255;255;239;9;0;0;157;6;0;0;8;0;6;0;5;1;0;0;0;0;0;0;0;0;0;0;0;0;255;255;255;255;1;0;0x09
1747917552;22.05.2025 12:39;0;10;0;0;28,6;0;0;150;-1,8;1,3;150;-1,8;1,3;0;0;0;0;0;0;0;0;0;0;0;0;0;0;0;0;0;0;135;239;255;255;238;9;0;0;21;6;0;0;8;0;7;0;5;1;0;0;0;0;0;0;0;0;0;0;0;0;255;255;255;255;1;0;0x09
1747917572;22.05.2025 12:39;0;10;0;0;28,6;0;0;150;-1,9;1,2;150;-1,9;1,2;0;0;0;0;0;0;0;0;0;0;0;0;0;0;0;0;0;0;135;239;255;255;238;9;0;0;23;6;0;0;9;0;6;0;5;1;0;0;0;0;0;0;0;0;0;0;0;0;255;255;255;255;1;0;0x09
1747917578;22.05.2025 12:39;0;10;0;0;28,6;0;0;150;-2;1,4;150;-2;1,4;0;0;0;0;0;0;0;0;0;0;0;0;0;0;0;0;0;0;127;239;255;255;237;9;0;0;49;6;0;0;9;0;6;0;3;1;0;0;0;0;0;0;0;0;0;0;0;0;255;255;255;255;1;0;0x09
1747917588;22.05.2025 12:39;0;20;0;0;28,6;0;0;150;-2;1,4;150;-2;1,4;0;0;0;0;0;0;0;0;0;0;0;0;0;0;0;0;0;0;127;239;255;255;237;9;0;0;49;6;0;0;9;0;6;0;3;1;0;0;0;0;0;0;0;0;0;0;0;0;255;255;255;255;1;0;0x09
1747917608;22.05.2025 12:40;0;20;0;0;28,6;0;0;149;-0,9;0,9;149;-0,9;0,9;0;0;0;0;0;0;0;0;0;0;0;0;0;0;0;0;0;0;126;239;255;255;236;9;0;0;49;6;0;0;1;0;2;0;2;1;0;0;0;0;0;0;0;0;0;0;0;0;255;255;0;0;1;0;0x09
1747917628;22.05.2025 12:40;0;20;0;0;28,6;0;0;150;-1;1,4;150;-1;1,4;0;0;0;0;0;0;0;0;0;0;0;0;0;0;0;0;0;0;125;239;255;255;236;9;0;0;50;6;0;0;5;0;7;0;5;1;0;0;0;0;0;0;0;0;0;0;0;0;255;255;0;0;1;0;0x09
1747917648;22.05.2025 12:40;0;20;0;0;28,6;0;0;151;-0,6;0,9;151;-0,6;0,9;0;0;0;0;0;0;0;0;0;0;0;0;0;0;0;0;0;0;227;238;255;255;160;9;0;0;30;6;0;0;6;0;10;0;4;1;0;0;0;0;0;0;0;0;0;0;0;0;255;255;0;0;1;0;0x09
1747917654;22.05.2025 12:40;0;20;0;0;28,6;0;0;155;-0,6;0,9;155;-0,6;0,9;0;0;0;0;0;0;0;0;0;0;0;0;0;0;0;0;0;0;236;237;255;255;116;8;0;0;32;6;0;0;0;0;1;0;2;1;0;0;0;0;0;0;0;0;0;0;0;0;255;255;0;0;1;0;0x09
1747917664;22.05.2025 12:41;0;21;0;0;28,6;0;0;155;-0,6;0,9;155;-0,6;0,9;0;0;0;0;0;0;0;0;0;0;0;0;0;0;0;0;0;0;236;237;255;255;116;8;0;0;32;6;0;0;0;0;1;0;2;1;0;0;0;0;0;0;0;0;0;0;0;0;255;255;0;0;1;0;0x09
1747917685;22.05.2025 12:41;1;21;0;0;28,6;0;0;155;-0,6;0,9;155;-0,6;0,9;0;0;0;0;0;0;0;0;0;0;0;0;0;0;0;0;0;0;236;237;255;255;116;8;0;0;32;6;0;0;0;0;1;0;2;1;0;0;0;0;0;0;0;0;0;0;0;0;255;255;0;0;1;0;0x09
1747917705;22.05.2025 12:41;1;21;0;0;28,6;0;0;155;-0,6;0,9;155;-0,6;0,9;0;0;0;0;0;0;0;0;0;0;0;0;0;0;0;0;0;0;236;237;255;255;116;8;0;0;32;6;0;0;0;0;1;0;2;1;0;0;0;0;0;0;0;0;0;0;0;0;255;255;0;0;1;0;0x09
1747917725;22.05.2025 12:42;1;21;0;0;28,6;0;0;155;-0,6;0,9;155;-0,6;0,9;0;0;0;0;0;0;0;0;0;0;0;0;0;0;0;0;0;0;236;237;255;255;116;8;0;0;32;6;0;0;0;0;1;0;2;1;0;0;0;0;0;0;0;0;0;0;0;0;255;255;0;0;1;0;0x09
1747917745;22.05.2025 12:42;1;21;0;0;28,6;0;0;155;-0,6;0,9;155;-0,6;0,9;0;0;0;0;0;0;0;0;0;0;0;0;0;0;0;0;0;0;236;237;255;255;116;8;0;0;32;6;0;0;0;0;1;0;2;1;0;0;0;0;0;0;0;0;0;0;0;0;255;255;0;0;1;0;0x09
1747917765;22.05.2025 12:42;1;21;0;0;28,6;0;0;155;-0,6;0,9;155;-0,6;0,9;0;0;0;0;0;0;0;0;0;0;0;0;0;0;0;0;0;0;236;237;255;255;116;8;0;0;32;6;0;0;0;0;1;0;2;1;0;0;0;0;0;0;0;0;0;0;0;0;255;255;0;0;1;0;0x09
1747917785;22.05.2025 12:43;1;21;0;0;28,6;0;0;155;-0,6;0,9;155;-0,6;0,9;0;0;0;0;0;0;0;0;0;0;0;0;0;0;0;0;0;0;236;237;255;255;116;8;0;0;32;6;0;0;0;0;1;0;2;1;0;0;0;0;0;0;0;0;0;0;0;0;255;255;0;0;1;0;0x09
1747917805;22.05.2025 12:43;1;21;0;0;28,6;0;0;155;-0,6;0,9;155;-0,6;0,9;0;0;0;0;0;0;0;0;0;0;0;0;0;0;0;0;0;0;236;237;255;255;116;8;0;0;32;6;0;0;0;0;1;0;2;1;0;0;0;0;0;0;0;0;0;0;0;0;255;255;0;0;1;0;0x09
1747917825;22.05.2025 12:43;1;21;0;0;28,6;0;0;155;-0,6;0,9;155;-0,6;0,9;0;0;0;0;0;0;0;0;0;0;0;0;0;0;0;0;0;0;236;237;255;255;116;8;0;0;32;6;0;0;0;0;1;0;2;1;0;0;0;0;0;0;0;0;0;0;0;0;255;255;0;0;1;0;0x09
1747917845;22.05.2025 12:44;1;21;0;0;28,6;0;0;155;-0,6;0,9;155;-0,6;0,9;0;0;0;0;0;0;0;0;0;0;0;0;0;0;0;0;0;0;236;237;255;255;116;8;0;0;32;6;0;0;0;0;1;0;2;1;0;0;0;0;0;0;0;0;0;0;0;0;255;255;0;0;1;0;0x09
1747917865;22.05.2025 12:44;1;21;0;0;28,6;0;0;155;-0,6;0,9;155;-0,6;0,9;0;0;0;0;0;0;0;0;0;0;0;0;0;0;0;0;0;0;236;237;255;255;116;8;0;0;32;6;0;0;0;0;1;0;2;1;0;0;0;0;0;0;0;0;0;0;0;0;255;255;0;0;1;0;0x09
1747917885;22.05.2025 12:44;1;21;0;0;28,6;0;0;155;-0,6;0,9;155;-0,6;0,9;0;0;0;0;0;0;0;0;0;0;0;0;0;0;0;0;0;0;236;237;255;255;116;8;0;0;32;6;0;0;0;0;1;0;2;1;0;0;0;0;0;0;0;0;0;0;0;0;255;255;0;0;1;0;0x09
1747917905;22.05.2025 12:45;1;21;0;0;28,6;0;0;155;-0,6;0,9;155;-0,6;0,9;0;0;0;0;0;0;0;0;0;0;0;0;0;0;0;0;0;0;236;237;255;255;116;8;0;0;32;6;0;0;0;0;1;0;2;1;0;0;0;0;0;0;0;0;0;0;0;0;255;255;0;0;1;0;0x09
1747917925;22.05.2025 12:45;1;21;0;0;28,6;0;0;155;-0,6;0,9;155;-0,6;0,9;0;0;0;0;0;0;0;0;0;0;0;0;0;0;0;0;0;0;236;237;255;255;116;8;0;0;32;6;0;0;0;0;1;0;2;1;0;0;0;0;0;0;0;0;0;0;0;0;255;255;0;0;1;0;0x09
1747917945;22.05.2025 12:45;1;21;0;0;28,6;0;0;155;-0,6;0,9;155;-0,6;0,9;0;0;0;0;0;0;0;0;0;0;0;0;0;0;0;0;0;0;236;237;255;255;116;8;0;0;32;6;0;0;0;0;1;0;2;1;0;0;0;0;0;0;0;0;0;0;0;0;255;255;0;0;1;0;0x09
1747917966;22.05.2025 12:46;1;21;0;0;28,6;0;0;155;-0,6;0,9;155;-0,6;0,9;0;0;0;0;0;0;0;0;0;0;0;0;0;0;0;0;0;0;236;237;255;255;116;8;0;0;32;6;0;0;0;0;1;0;2;1;0;0;0;0;0;0;0;0;0;0;0;0;255;255;0;0;1;0;0x09
1747917986;22.05.2025 12:46;1;21;0;0;28,6;0;0;155;-0,6;0,9;155;-0,6;0,9;0;0;0;0;0;0;0;0;0;0;0;0;0;0;0;0;0;0;236;237;255;255;116;8;0;0;32;6;0;0;0;0;1;0;2;1;0;0;0;0;0;0;0;0;0;0;0;0;255;255;0;0;1;0;0x09
1747918006;22.05.2025 12:46;1;21;0;0;28,6;0;0;155;-0,6;0,9;155;-0,6;0,9;0;0;0;0;0;0;0;0;0;0;0;0;0;0;0;0;0;0;236;237;255;255;116;8;0;0;32;6;0;0;0;0;1;0;2;1;0;0;0;0;0;0;0;0;0;0;0;0;255;255;0;0;1;0;0x09
1747918026;22.05.2025 12:47;1;21;0;0;28,6;0;0;155;-0,6;0,9;155;-0,6;0,9;0;0;0;0;0;0;0;0;0;0;0;0;0;0;0;0;0;0;236;237;255;255;116;8;0;0;32;6;0;0;0;0;1;0;2;1;0;0;0;0;0;0;0;0;0;0;0;0;255;255;0;0;1;0;0x09
1747918031;22.05.2025 12:47;1;21;0;0;28,6;0;0;155;-0,6;0,9;155;-0,6;0,9;0;0;0;0;0;0;0;0;0;0;0;0;0;0;0;0;0;0;236;237;255;255;116;8;0;0;32;6;0;0;0;0;1;0;2;1;0;0;0;0;0;0;0;0;0;0;0;0;255;255;0;0;1;0;0x09
1747918041;22.05.2025 12:47;0;22;0;0;28,6;0;0;155;-0,6;0,9;155;-0,6;0,9;0;0;0;0;0;0;0;0;0;0;0;0;0;0;0;0;0;0;236;237;255;255;116;8;0;0;32;6;0;0;0;0;1;0;2;1;0;0;0;0;0;0;0;0;0;0;0;0;255;255;0;0;1;0;0x09
1747918061;22.05.2025 12:47;0;22;0;0;28,6;0;0;123;-0,9;0,9;123;-0,9;0,9;0;0;0;0;0;0;0;0;0;0;0;0;0;0;0;0;0;0;184;254;255;255;52;2;0;0;43;6;0;0;6;0;9;0;4;1;113;240;255;255;148;7;0;0;0;0;0;0;255;255;0;0;1;0;0x09
1747918081;22.05.2025 12:48;0;22;0;0;28,6;0;0;157;-0,6;1;157;-0,6;1;0;0;0;0;0;0;0;0;0;0;0;0;0;0;0;0;0;0;153;253;255;255;39;1;0;0;36;6;0;0;1;0;3;0;2;1;113;240;255;255;148;7;0;0;0;0;0;0;255;255;0;0;1;0;0x09
1747918102;22.05.2025 12:48;0;22;0;0;28,6;0;0;188;-0,5;0,9;188;-0,5;0,9;0;0;0;0;0;0;0;0;0;0;0;0;0;0;0;0;0;0;91;253;255;255;179;255;255;255;31;6;0;0;1;0;2;0;5;1;113;240;255;255;148;7;0;0;0;0;0;0;255;255;0;0;1;0;0x09
1747918122;22.05.2025 12:48;0;22;0;0;28,6;0;0;220;-0,5;0,9;220;-0,5;0,9;0;0;0;0;0;0;0;0;0;0;0;0;0;0;0;0;0;0;6;254;255;255;101;254;255;255;39;6;0;0;5;0;11;0;5;1;113;240;255;255;148;7;0;0;0;0;0;0;255;255;0;0;1;0;0x09
1747918143;22.05.2025 12:49;0;22;0;0;28,6;0;0;254;-0,5;0,9;254;-0,5;0,9;0;0;0;0;0;0;0;0;0;0;0;0;0;0;0;0;0;0;84;255;255;255;157;253;255;255;52;6;0;0;0;0;5;0;3;1;113;240;255;255;148;7;0;0;0;0;0;0;255;255;0;0;1;0;0x09
1747918163;22.05.2025 12:49;0;22;0;0;28,6;0;0;288;-0,6;0,6;288;-0,6;0,6;0;0;0;0;0;0;0;0;0;0;0;0;0;0;0;0;0;0;220;0;0;0;162;253;255;255;69;6;0;0;5;0;7;0;5;1;113;240;255;255;148;7;0;0;0;0;0;0;255;255;0;0;1;0;0x09
1747918183;22.05.2025 12:49;0;22;0;0;28,6;0;0;113;-0,4;2,9;113;-0,4;2,9;0;0;0;0;0;0;0;0;0;0;0;0;0;0;0;0;0;0;37;255;255;255;111;2;0;0;93;6;0;0;254;255;9;0;4;1;113;240;255;255;148;7;0;0;0;0;0;0;255;255;0;0;1;0;0x09
1747918203;22.05.2025 12:50;0;22;0;0;28,6;0;0;117;-1;1,4;117;-1;1,4;0;0;0;0;0;0;0;0;0;0;0;0;0;0;0;0;0;0;251;254;255;255;80;2;0;0;43;6;0;0;4;0;7;0;5;1;113;240;255;255;148;7;0;0;0;0;0;0;255;255;0;0;1;0;0x09
1747918208;22.05.2025 12:50;0;22;0;0;28,6;0;0;118;-1;1,3;118;-1;1,3;0;0;0;0;0;0;0;0;0;0;0;0;0;0;0;0;0;0;249;254;255;255;79;2;0;0;48;6;0;0;5;0;7;0;5;1;113;240;255;255;148;7;0;0;0;0;0;0;255;255;0;0;1;0;0x09
1747918218;22.05.2025 12:50;0;23;0;0;28,6;0;0;118;-1;1,3;118;-1;1,3;0;0;0;0;0;0;0;0;0;0;0;0;0;0;0;0;0;0;249;254;255;255;79;2;0;0;48;6;0;0;5;0;7;0;5;1;113;240;255;255;148;7;0;0;0;0;0;0;255;255;0;0;1;0;0x09
1747918238;22.05.2025 12:50;1;23;0;0;28,6;0;0;118;-1;1,3;118;-1;1,3;0;0;0;0;0;0;0;0;0;0;0;0;0;0;0;0;0;0;249;254;255;255;79;2;0;0;48;6;0;0;5;0;7;0;5;1;113;240;255;255;148;7;0;0;0;0;0;0;255;255;0;0;1;0;0x09
1747918244;22.05.2025 12:50;1;23;0;0;28,6;0;0;118;-1;1,3;118;-1;1,3;0;0;0;0;0;0;0;0;0;0;0;0;0;0;0;0;0;0;249;254;255;255;79;2;0;0;48;6;0;0;5;0;7;0;5;1;113;240;255;255;148;7;0;0;0;0;0;0;255;255;0;0;1;0;0x09
1747918254;22.05.2025 12:50;0;24;0;0;28,6;0;0;118;-1;1,3;118;-1;1,3;0;0;0;0;0;0;0;0;0;0;0;0;0;0;0;0;0;0;249;254;255;255;79;2;0;0;48;6;0;0;5;0;7;0;5;1;113;240;255;255;148;7;0;0;0;0;0;0;255;255;0;0;1;0;0x09
1747918274;22.05.2025 12:51;0;24;0;0;28,6;0;0;118;-1;1,3;118;-1;1,3;0;0;0;0;0;0;0;0;0;0;0;0;0;0;0;0;0;0;248;254;255;255;81;2;0;0;50;6;0;0;4;0;7;0;4;1;113;240;255;255;148;7;0;0;0;0;0;0;255;255;0;0;1;0;0x09
1747918294;22.05.2025 12:51;0;24;0;0;28,6;0;0;117;-0,7;1,1;117;-0,7;1,1;0;0;0;0;0;0;0;0;0;0;0;0;0;0;0;0;0;0;249;254;255;255;78;2;0;0;48;6;0;0;4;0;7;0;6;1;113;240;255;255;148;7;0;0;0;0;0;0;255;255;0;0;1;0;0x09
1747918314;22.05.2025 12:51;0;24;0;0;28,6;0;0;118;-1;1,4;118;-1;1,4;0;0;0;0;0;0;0;0;0;0;0;0;0;0;0;0;0;0;248;254;255;255;79;2;0;0;47;6;0;0;5;0;7;0;5;1;113;240;255;255;148;7;0;0;0;0;0;0;255;255;0;0;1;0;0x09
1747918334;22.05.2025 12:52;0;24;0;0;28,6;0;1;99;-0,4;-0,4;279;-179,4;-0,2;0;0;0;0;0;0;0;0;0;0;0;0;0;0;0;0;0;0;104;255;255;255;10;253;255;255;169;18;0;0;1;0;3;0;5;255;113;240;255;255;148;7;0;0;0;0;0;0;255;255;0;0;1;0;0x09
1747918354;22.05.2025 12:52;0;24;0;0;28,6;0;1;99;-0,5;-0,4;279;-179,2;-0,1;0;0;0;0;0;0;0;0;0;0;0;0;0;0;0;0;0;0;103;255;255;255;11;253;255;255;168;18;0;0;1;0;3;0;6;255;113;240;255;255;148;7;0;0;0;0;0;0;255;255;0;0;1;0;0x09
1747918374;22.05.2025 12:52;0;24;0;0;28,6;0;1;98;-0,6;-0,5;278;-179,1;-0,1;0;0;0;0;0;0;0;0;0;0;0;0;0;0;0;0;0;0;102;255;255;255;10;253;255;255;169;18;0;0;2;0;3;0;5;255;113;240;255;255;148;7;0;0;0;0;0;0;255;255;0;0;1;0;0x09
1747918394;22.05.2025 12:53;0;24;0;0;28,6;0;1;98;-0,5;-0,4;278;-179,2;-0,1;0;0;0;0;0;0;0;0;0;0;0;0;0;0;0;0;0;0;109;255;255;255;9;253;255;255;171;18;0;0;2;0;3;0;6;255;113;240;255;255;148;7;0;0;0;0;0;0;255;255;0;0;1;0;0x09
1747918414;22.05.2025 12:53;0;24;0;0;28,6;0;1;98;-0,5;-0,4;278;-179,2;-0,1;0;0;0;0;0;0;0;0;0;0;0;0;0;0;0;0;0;0;109;255;255;255;7;253;255;255;167;18;0;0;2;0;3;0;5;255;113;240;255;255;148;7;0;0;0;0;0;0;255;255;0;0;1;0;0x09
1747918420;22.05.2025 12:53;0;24;0;0;28,6;0;1;99;-0,4;-0,2;279,1;-179,3;0,1;0;0;0;0;0;0;0;0;0;0;0;0;0;0;0;0;0;0;108;255;255;255;9;253;255;255;168;18;0;0;0;0;255;255;2;255;113;240;255;255;148;7;0;0;0;0;0;0;255;255;0;0;1;0;0x09
1747918430;22.05.2025 12:53;0;25;0;0;28,6;0;1;99;-0,4;-0,2;279,1;-179,3;0,1;0;0;0;0;0;0;0;0;0;0;0;0;0;0;0;0;0;0;108;255;255;255;9;253;255;255;168;18;0;0;0;0;255;255;2;255;113;240;255;255;148;7;0;0;0;0;0;0;255;255;0;0;1;0;0x09
1747918450;22.05.2025 12:54;1;25;0;0;28,6;0;1;99;-0,4;-0,2;279,1;-179,3;0,1;0;0;0;0;0;0;0;0;0;0;0;0;0;0;0;0;0;0;108;255;255;255;9;253;255;255;168;18;0;0;0;0;255;255;2;255;113;240;255;255;148;7;0;0;0;0;0;0;255;255;0;0;1;0;0x09
1747918455;22.05.2025 12:54;1;25;0;0;28,6;0;1;99;-0,4;-0,2;279,1;-179,3;0,1;0;0;0;0;0;0;0;0;0;0;0;0;0;0;0;0;0;0;108;255;255;255;9;253;255;255;168;18;0;0;0;0;255;255;2;255;113;240;255;255;148;7;0;0;0;0;0;0;255;255;0;0;1;0;0x09
1747918465;22.05.2025 12:54;0;26;0;0;28,6;0;1;99;-0,4;-0,2;279,1;-179,3;0,1;0;0;0;0;0;0;0;0;0;0;0;0;0;0;0;0;0;0;108;255;255;255;9;253;255;255;168;18;0;0;0;0;255;255;2;255;113;240;255;255;148;7;0;0;0;0;0;0;255;255;0;0;1;0;0x09
1747918485;22.05.2025 12:54;0;30;0;0;28,6;0;1;100;-0,5;-0,4;280;-179,2;-0,1;0;0;0;0;0;0;0;0;0;0;0;0;0;0;0;0;0;0;108;255;255;255;9;253;255;255;68;6;0;0;1;0;3;0;6;255;113;240;255;255;148;7;0;0;100;12;0;0;255;255;0;0;1;0;0x09
1747918506;22.05.2025 12:55;0;30;0;0;28,6;0;1;98;-1,4;-0,4;278,1;-178,4;-0,1;0;0;0;0;0;0;0;0;0;0;0;0;0;0;0;0;0;0;108;255;255;255;8;253;255;255;69;6;0;0;6;0;3;0;6;255;113;240;255;255;148;7;0;0;100;12;0;0;255;255;0;0;1;0;0x09
1747918526;22.05.2025 12:55;0;30;0;0;28,6;0;1;98;-1,4;-0,3;278,1;-178,4;-0,1;0;0;0;0;0;0;0;0;0;0;0;0;0;0;0;0;0;0;108;255;255;255;9;253;255;255;69;6;0;0;7;0;3;0;6;255;113;240;255;255;148;7;0;0;100;12;0;0;255;255;0;0;1;0;0x09
1747918546;22.05.2025 12:55;0;30;0;0;28,6;0;0;120;-2,5;2,2;120;-2,5;2,2;0;0;0;0;0;0;0;0;0;0;0;0;0;0;0;0;0;0;114;254;255;255;239;1;0;0;161;249;255;255;251;255;12;0;8;1;113;240;255;255;148;7;0;0;100;12;0;0;255;255;0;0;1;0;0x09
1747918567;22.05.2025 12:56;0;30;0;0;28,6;0;0;122;-1,9;1,1;122;-1,9;1,1;0;0;0;0;0;0;0;0;0;0;0;0;0;0;0;0;0;0;119;254;255;255;6;2;0;0;185;249;255;255;10;0;6;0;4;1;113;240;255;255;148;7;0;0;100;12;0;0;255;255;0;0;1;0;0x09
1747918587;22.05.2025 12:56;0;30;0;0;28,6;0;0;122;-1,8;1,4;122;-1,8;1,4;0;0;0;0;0;0;0;0;0;0;0;0;0;0;0;0;0;0;117;254;255;255;7;2;0;0;193;249;255;255;9;0;6;0;5;1;113;240;255;255;148;7;0;0;100;12;0;0;255;255;0;0;1;0;0x09
1747918607;22.05.2025 12:56;0;30;0;0;28,6;0;0;122;-1,9;1,2;122;-1,9;1,2;0;0;0;0;0;0;0;0;0;0;0;0;0;0;0;0;0;0;118;254;255;255;6;2;0;0;190;249;255;255;8;0;7;0;5;1;113;240;255;255;148;7;0;0;100;12;0;0;255;255;0;0;1;0;0x09
1747918627;22.05.2025 12:57;0;30;0;0;28,6;0;0;122;-1,7;1,3;122;-1,7;1,3;0;0;0;0;0;0;0;0;0;0;0;0;0;0;0;0;0;0;117;254;255;255;9;2;0;0;193;249;255;255;8;0;6;0;6;1;113;240;255;255;148;7;0;0;100;12;0;0;255;255;0;0;1;0;0x09
1747918647;22.05.2025 12:57;0;30;0;0;28,6;0;0;212;-1,4;1;212;-1,4;1;0;0;0;0;0;0;0;0;0;0;0;0;0;0;0;0;0;0;216;253;255;255;162;254;255;255;190;249;255;255;10;0;11;0;4;1;113;240;255;255;148;7;0;0;100;12;0;0;255;255;0;0;1;0;0x09
1747918667;22.05.2025 12:57;0;30;0;0;28,6;0;0;212;-1,5;1,3;212;-1,5;1,3;0;0;0;0;0;0;0;0;0;0;0;0;0;0;0;0;0;0;216;253;255;255;162;254;255;255;184;249;255;255;7;0;6;0;4;1;113;240;255;255;148;7;0;0;100;12;0;0;255;255;0;0;1;0;0x09
1747918687;22.05.2025 12:58;0;30;0;0;28,6;0;0;212;-1,3;1,1;212;-1,3;1,1;0;0;0;0;0;0;0;0;0;0;0;0;0;0;0;0;0;0;216;253;255;255;162;254;255;255;190;249;255;255;7;0;6;0;5;1;113;240;255;255;148;7;0;0;100;12;0;0;255;255;0;0;1;0;0x09
1747918707;22.05.2025 12:58;0;30;0;0;28,6;0;0;212;-1,5;1,3;212;-1,5;1,3;0;0;0;0;0;0;0;0;0;0;0;0;0;0;0;0;0;0;217;253;255;255;162;254;255;255;185;249;255;255;7;0;7;0;5;1;113;240;255;255;148;7;0;0;100;12;0;0;255;255;0;0;1;0;0x09
1747918727;22.05.2025 12:58;0;30;0;0;28,6;0;0;213;-1,5;1;213;-1,5;1;0;0;0;0;0;0;0;0;0;0;0;0;0;0;0;0;0;0;217;253;255;255;160;254;255;255;179;249;255;255;7;0;6;0;6;1;113;240;255;255;148;7;0;0;100;12;0;0;255;255;0;0;1;0;0x09
1747918747;22.05.2025 12:59;0;30;0;0;28,6;0;0;308;-1,4;0,7;308;-1,4;0,7;0;0;0;0;0;0;0;0;0;0;0;0;0;0;0;0;0;0;118;1;0;0;218;253;255;255;229;249;255;255;3;0;255;255;2;1;113;240;255;255;148;7;0;0;100;12;0;0;255;255;0;0;1;0;0x09
1747918767;22.05.2025 12:59;0;30;0;0;28,6;0;0;308;-1,4;0,9;308;-1,4;0,9;0;0;0;0;0;0;0;0;0;0;0;0;0;0;0;0;0;0;118;1;0;0;218;253;255;255;219;249;255;255;6;0;6;0;6;1;113;240;255;255;148;7;0;0;100;12;0;0;255;255;0;0;1;0;0x09
1747918787;22.05.2025 12:59;0;30;0;0;28,6;0;0;308;-1,4;0,5;308;-1,4;0,5;0;0;0;0;0;0;0;0;0;0;0;0;0;0;0;0;0;0;117;1;0;0;219;253;255;255;225;249;255;255;4;0;1;0;2;1;113;240;255;255;148;7;0;0;100;12;0;0;255;255;0;0;1;0;0x09
1747918807;22.05.2025 13:00;0;30;0;0;28,6;0;0;309;-1,5;1;309;-1,5;1;0;0;0;0;0;0;0;0;0;0;0;0;0;0;0;0;0;0;116;1;0;0;222;253;255;255;228;249;255;255;7;0;5;0;5;1;113;240;255;255;148;7;0;0;100;12;0;0;255;255;0;0;1;0;0x09
1747918827;22.05.2025 13:00;0;30;0;0;28,6;0;0;308;-1,4;0,6;308;-1,4;0,6;0;0;0;0;0;0;0;0;0;0;0;0;0;0;0;0;0;0;117;1;0;0;219;253;255;255;227;249;255;255;7;0;5;0;5;1;113;240;255;255;148;7;0;0;100;12;0;0;255;255;0;0;1;0;0x09
1747918848;22.05.2025 13:00;0;30;0;0;28,6;0;0;30;-1,6;0,7;30;-1,6;0,7;0;0;0;0;0;0;0;0;0;0;0;0;0;0;0;0;0;0;58;2;0;0;74;1;0;0;233;249;255;255;8;0;7;0;5;1;113;240;255;255;148;7;0;0;100;12;0;0;255;255;0;0;1;0;0x09
1747918868;22.05.2025 13:01;0;30;0;0;28,6;0;0;29;-1,8;0,6;29;-1,8;0,6;0;0;0;0;0;0;0;0;0;0;0;0;0;0;0;0;0;0;58;2;0;0;74;1;0;0;233;249;255;255;9;0;5;0;6;1;113;240;255;255;148;7;0;0;100;12;0;0;255;255;0;0;1;0;0x09
1747918888;22.05.2025 13:01;0;30;0;0;28,6;0;0;30;-1,6;0,8;30;-1,6;0,8;0;0;0;0;0;0;0;0;0;0;0;0;0;0;0;0;0;0;58;2;0;0;73;1;0;0;230;249;255;255;7;0;7;0;6;1;113;240;255;255;148;7;0;0;100;12;0;0;255;255;0;0;1;0;0x09
1747918908;22.05.2025 13:01;0;30;0;0;28,6;0;0;30;-1,6;0,7;30;-1,6;0,7;0;0;0;0;0;0;0;0;0;0;0;0;0;0;0;0;0;0;55;2;0;0;77;1;0;0;231;249;255;255;9;0;5;0;5;1;113;240;255;255;148;7;0;0;100;12;0;0;255;255;0;0;1;0;0x09
1747918929;22.05.2025 13:02;0;30;0;0;28,6;0;0;30;-1,6;0,8;30;-1,6;0,8;0;0;0;0;0;0;0;0;0;0;0;0;0;0;0;0;0;0;56;2;0;0;76;1;0;0;230;249;255;255;8;0;5;0;5;1;113;240;255;255;148;7;0;0;100;12;0;0;255;255;0;0;1;0;0x09
1747918949;22.05.2025 13:02;0;30;0;0;28,6;0;0;122;-1,7;1,4;122;-1,7;1,4;0;0;0;0;0;0;0;0;0;0;0;0;0;0;0;0;0;0;113;254;255;255;6;2;0;0;190;249;255;255;8;0;7;0;5;1;113;240;255;255;148;7;0;0;100;12;0;0;255;255;0;0;1;0;0x09
1747918969;22.05.2025 13:02;0;30;0;0;28,6;0;0;123;-1,6;1,3;123;-1,6;1,3;0;0;0;0;0;0;0;0;0;0;0;0;0;0;0;0;0;0;113;254;255;255;5;2;0;0;191;249;255;255;9;0;7;0;4;1;113;240;255;255;148;7;0;0;100;12;0;0;255;255;0;0;1;0;0x09
1747918989;22.05.2025 13:03;0;30;0;0;28,6;0;0;122;-1,7;1,4;122;-1,7;1,4;0;0;0;0;0;0;0;0;0;0;0;0;0;0;0;0;0;0;116;254;255;255;5;2;0;0;191;249;255;255;7;0;7;0;5;1;113;240;255;255;148;7;0;0;100;12;0;0;255;255;0;0;1;0;0x09
1747919009;22.05.2025 13:03;0;30;0;0;28,6;0;0;282;10,5;4,1;282;10,5;4,1;0;0;0;0;0;0;0;0;0;0;0;0;0;0;0;0;0;0;171;1;0;0;233;253;255;255;223;248;255;255;208;255;31;0;15;1;113;240;255;255;148;7;0;0;100;12;0;0;255;255;0;0;1;0;0x09
1747919029;22.05.2025 13:03;0;30;0;0;28,6;0;0;99;-1,6;1,4;99;-1,6;1,4;0;0;0;0;0;0;0;0;0;0;0;0;0;0;0;0;0;0;84;254;255;255;213;6;0;0;72;239;255;255;7;0;6;0;5;1;113;240;255;255;148;7;0;0;100;12;0;0;255;255;0;0;1;0;0x09
1747919049;22.05.2025 13:04;0;30;0;0;28,6;0;0;149;-1,5;0,1;149;-1,5;0,1;0;0;0;0;0;0;0;0;0;0;0;0;0;0;0;0;0;0;228;248;255;255;229;3;0;0;206;233;255;255;2;0;124;255;44;1;113;240;255;255;148;7;0;0;100;12;0;0;255;255;0;0;1;0;0x09
1747919069;22.05.2025 13:04;0;30;0;0;28,6;0;0;148;-1,4;0,8;148;-1,4;0,8;0;0;0;0;0;0;0;0;0;0;0;0;0;0;0;0;0;0;166;248;255;255;229;3;0;0;205;233;255;255;7;0;5;0;6;1;113;240;255;255;148;7;0;0;100;12;0;0;255;255;0;0;1;0;0x09
1747919089;22.05.2025 13:04;0;30;0;0;28,6;0;0;123;-0,6;1,6;123;-0,6;1,6;0;0;0;0;0;0;0;0;0;0;0;0;0;0;0;0;0;0;210;251;255;255;121;5;0;0;176;233;255;255;5;0;8;0;248;0;113;240;255;255;148;7;0;0;100;12;0;0;255;255;0;0;1;0;0x09
1747919109;22.05.2025 13:05;0;30;0;0;28,6;0;0;150;-1,5;1,5;150;-1,5;1,5;0;0;0;0;0;0;0;0;0;0;0;0;0;0;0;0;0;0;231;247;255;255;195;3;0;0;204;232;255;255;7;0;7;0;5;1;113;240;255;255;148;7;0;0;100;12;0;0;255;255;0;0;1;0;0x09
1747919129;22.05.2025 13:05;0;30;0;0;28,6;0;0;150;-1,4;1,3;150;-1,4;1,3;0;0;0;0;0;0;0;0;0;0;0;0;0;0;0;0;0;0;230;247;255;255;190;3;0;0;208;232;255;255;6;0;7;0;6;1;113;240;255;255;148;7;0;0;100;12;0;0;255;255;0;0;1;0;0x09
1747919149;22.05.2025 13:05;0;30;0;0;28,6;0;0;150;-1,5;1,3;150;-1,5;1,3;0;0;0;0;0;0;0;0;0;0;0;0;0;0;0;0;0;0;232;247;255;255;191;3;0;0;208;232;255;255;7;0;7;0;5;1;113;240;255;255;148;7;0;0;100;12;0;0;255;255;0;0;1;0;0x09
1747919169;22.05.2025 13:06;0;30;0;0;28,6;0;0;151;-1,4;1,2;151;-1,4;1,2;0;0;0;0;0;0;0;0;0;0;0;0;0;0;0;0;0;0;236;247;255;255;188;3;0;0;198;232;255;255;7;0;7;0;5;1;113;240;255;255;148;7;0;0;100;12;0;0;255;255;0;0;1;0;0x09
1747919190;22.05.2025 13:06;0;30;0;0;28,6;0;0;151;-1,4;1,2;151;-1,4;1,2;0;0;0;0;0;0;0;0;0;0;0;0;0;0;0;0;0;0;235;247;255;255;187;3;0;0;197;232;255;255;7;0;7;0;5;1;113;240;255;255;148;7;0;0;100;12;0;0;255;255;0;0;1;0;0x09
1747919210;22.05.2025 13:06;0;30;0;0;28,6;0;0;151;-1,5;1,2;151;-1,5;1,2;0;0;0;0;0;0;0;0;0;0;0;0;0;0;0;0;0;0;232;247;255;255;188;3;0;0;208;232;255;255;6;0;8;0;6;1;113;240;255;255;148;7;0;0;100;12;0;0;255;255;0;0;1;0;0x09
1747919230;22.05.2025 13:07;0;30;0;0;28,6;0;0;150;-1,4;1,3;150;-1,4;1,3;0;0;0;0;0;0;0;0;0;0;0;0;0;0;0;0;0;0;233;247;255;255;188;3;0;0;208;232;255;255;6;0;6;0;6;1;113;240;255;255;148;7;0;0;100;12;0;0;255;255;0;0;1;0;0x09
1747919250;22.05.2025 13:07;0;30;0;0;28,6;0;0;150;-1,5;1,4;150;-1,5;1,4;0;0;0;0;0;0;0;0;0;0;0;0;0;0;0;0;0;0;233;247;255;255;188;3;0;0;206;232;255;255;7;0;7;0;5;1;113;240;255;255;148;7;0;0;100;12;0;0;255;255;0;0;1;0;0x09
1747919270;22.05.2025 13:07;0;30;0;0;28,6;0;0;150;-1,5;1,3;150;-1,5;1,3;0;0;0;0;0;0;0;0;0;0;0;0;0;0;0;0;0;0;233;247;255;255;188;3;0;0;207;232;255;255;7;0;7;0;5;1;113;240;255;255;148;7;0;0;100;12;0;0;255;255;0;0;1;0;0x09
1747919291;22.05.2025 13:08;0;30;0;0;28,6;0;0;150;-1,5;1,3;150;-1,5;1,3;0;0;0;0;0;0;0;0;0;0;0;0;0;0;0;0;0;0;235;247;255;255;187;3;0;0;196;232;255;255;7;0;7;0;4;1;113;240;255;255;148;7;0;0;100;12;0;0;255;255;0;0;1;0;0x09
1747919311;22.05.2025 13:08;0;30;0;0;28,6;0;0;151;-1,4;1,2;151;-1,4;1,2;0;0;0;0;0;0;0;0;0;0;0;0;0;0;0;0;0;0;220;247;255;255;182;3;0;0;222;232;255;255;7;0;8;0;5;1;113;240;255;255;148;7;0;0;100;12;0;0;255;255;0;0;1;0;0x09
1747919331;22.05.2025 13:08;0;30;0;0;28,6;0;0;152;-1,5;1,3;152;-1,5;1,3;0;0;0;0;0;0;0;0;0;0;0;0;0;0;0;0;0;0;151;249;255;255;136;2;0;0;73;233;255;255;6;0;7;0;5;1;113;240;255;255;148;7;0;0;100;12;0;0;255;255;0;0;1;0;0x09
1747919351;22.05.2025 13:09;0;30;0;0;28,6;0;0;146;-1,6;1,4;146;-1,6;1,4;0;0;0;0;0;0;0;0;0;0;0;0;0;0;0;0;0;0;99;249;255;255;131;3;0;0;193;233;255;255;6;0;7;0;6;1;113;240;255;255;148;7;0;0;100;12;0;0;255;255;0;0;1;0;0x09
1747919371;22.05.2025 13:09;0;30;0;0;28,6;0;0;147;-1,5;1,2;147;-1,5;1,2;0;0;0;0;0;0;0;0;0;0;0;0;0;0;0;0;0;0;100;249;255;255;131;3;0;0;194;233;255;255;7;0;7;0;6;1;113;240;255;255;148;7;0;0;100;12;0;0;255;255;0;0;1;0;0x09
1747919391;22.05.2025 13:09;0;30;0;0;28,6;0;0;147;-1,5;1,1;147;-1,5;1,1;0;0;0;0;0;0;0;0;0;0;0;0;0;0;0;0;0;0;101;249;255;255;137;3;0;0;191;233;255;255;7;0;8;0;6;1;113;240;255;255;148;7;0;0;100;12;0;0;255;255;0;0;1;0;0x09
1747919411;22.05.2025 13:10;0;30;0;0;28,6;0;0;146;-1,5;1,3;146;-1,5;1,3;0;0;0;0;0;0;0;0;0;0;0;0;0;0;0;0;0;0;104;249;255;255;136;3;0;0;193;233;255;255;6;0;7;0;4;1;113;240;255;255;148;7;0;0;100;12;0;0;255;255;0;0;1;0;0x09
1747919431;22.05.2025 13:10;0;30;0;0;28,6;0;0;146;-1,5;1,4;146;-1,5;1,4;0;0;0;0;0;0;0;0;0;0;0;0;0;0;0;0;0;0;102;249;255;255;136;3;0;0;192;233;255;255;7;0;6;0;4;1;113;240;255;255;148;7;0;0;100;12;0;0;255;255;0;0;1;0;0x09
1747919451;22.05.2025 13:10;0;30;0;0;28,6;0;0;146;-1,5;1,3;146;-1,5;1,3;0;0;0;0;0;0;0;0;0;0;0;0;0;0;0;0;0;0;103;249;255;255;139;3;0;0;191;233;255;255;7;0;8;0;5;1;113;240;255;255;148;7;0;0;100;12;0;0;255;255;0;0;1;0;0x09
